Total:
104
53
73
97
132
34
125
11
49
74
34
121
110
115
76
62
118
73
97
73
112
106
100
137
47
93
29
81
78
160
110
119
115
91
51
106
95
104
39
45
137
125
79
117
88
94
81
120
149
107
71
84
16
86
46
126
74
39
54
99
85
139
75
130
45
81
110
84
130
124
89
79
124
100
155
83
32
99
128
77
116
83
124
136
68
90
99
154
86
149
126
77
45
127
94
91
90
47
23
154
106
67
118
63
92
102
128
113
159
128
93
87
59
36
76
141
67
160
31
125
153
11
83
76
21
159
109
83
124
80
36
96
127
97
66
16
64
57
102
110
106
66
108
33
67
87
22
90
57
49
83
53
67
64
52
61
48
78
69
36
62
98
101
56
113
98
150
98
127
125
85
76
79
44
72
61
93
51
68
63
38
94
76
69
83
155
86
83
86
109
114
138
41
124
126
88
61
73
165
102
58
66
124
59
79
106
59
160
51
144
104
96
95
76
98
74
58
96
117
107
116
113
82
23
140
159
149
101
76
92
48
96
23
93
89
83
67
94
153
95
113
86
73
99
143
77
29
66
76
84
118
123
153
89
110
137
26
114
113
113
64
29
53
48
125
83
139
73
97
95
16
27
67
61
51
40
57
97
88
149
76
82
99
51
92
86
134
115
45
71
106
76
51
83
118
74
112
78
73
99
89
105
48
154
81
142
87
110
63
85
147
87
113
129
123
50
38
104
123
83
86
88
46
57
101
59
83
104
107
115
124
117
107
86
27
88
83
46
62
105
32
48
52
131
117
113
71
73
26
107
125
103
125
115
87
119
50
70
84
118
74
37
29
105
107
72
84
86
112
118
71
27
113
80
108
78
139
79
42
54
42
83
34
62
85
28
134
133
142
42
51
70
103
78
62
84
84
148
75
66
111
96
113
117
43
138
104
84
106
54
94
117
80
47
150
59
102
107
27
69
118
90
142
85
124
81
40
33
130
77
22
102
32
120
94
81
70
91
87
90
118
130
153
112
99
111
140
84
80
67
98
138
72
115
81
144
140
83
98
103
132
103
159
23
83
33
71
58
74
70
49
87
46
123
82
67
127
75
102
75
78
98
107
56
130
67
74
133
94
76
106
58
88
89
155
123
132
66
87
98
47
140
48
77
59
100
64
16
122
81
16
78
83
165
88
165
104
119
51
114
57
123
77
104
108
85
80
143
116
144
104
47
94
109
116
57
100
115
73
125
48
51
108
82
66
88
142
140
43
139
71
95
56
53
118
119
21
41
77
132
108
71
91
75
88
61
141
71
69
71
117
95
48
11
119
92
75
130
129
140
119
82
106
45
96
100
61
129
131
141
134
77
102
94
119
41
105
165
102
148
106
80
97
124
88
60
99
114
121
81
68
129
108
96
118
71
79
16
82
51
57
135
112
35
128
106
71
81
92
132
107
110
109
91
74
42
105
67
88
77
16
41
155
100
74
68
142
53
140
165
52
41
90
87
123
108
32
114
145
79
96
115
126
26
17
94
87
58
103
81
57
85
62
91
115
41
87
97
107
87
70
160
54
107
94
96
137
52
120
65
132
95
47
77
97
83
111
125
61
138
71
97
117
118
145
101
41
87
88
49
145
81
46
53
89
127
51
105
90
108
147
61
112
56
117
50
75
100
57
132
147
82
96
68
103
109
29
120
98
59
41
75
101
44
38
69
57
39
93
118
137
31
82
92
74
93
141
59
47
100
125
71
42
21
76
119
79
60
117
111
40
129
61
91
32
95
31
61
86
103
63
108
81
22
31
26
160
107
78
65
137
113
109
72
78
77
79
101
87
129
68
101
41
165
46
143
113
120
88
47
82
73
64
105
110
124
123
51
88
153
115
82
99
105
100
159
103
76
165
21
107
44
100
58
136
135
110
120
53
121
100
40
134
111
61
150
108
89
47
77
142
81
124
69
129
78
91
89
117
90
57
46
113
87
142
149
79
154
88
118
49
127
85
40
78
77
62
130
61
135
72
114
99
34
80
108
88
90
115
90
56
93
99
154
103
64
78
82
83
22
96
109
71
17
45
107
122
93
115
87
100
106
78
58
124
116
101
84
137
110
154
100
79
105
56
89
87
90
102
145
94
46
86
81
61
70
75
130
122
67
78
89
150
124
57
67
73
86
100
57
100
73
93
119
75
56
112
57
83
117
80
50
46
108
93
88
62
135
40
102
17
87
78
113
114
82
147
46
147
52
26
137
106
98
105
149
99
129
123
118
73
47
111
143
78
102
70
107
55
52